accfnn-rsm-8
r^2: 0.8521257754882383
intercept: 3.0879665066238795
slope: 0.00012619911850420785
total: 9.508346660525454

lstm-20
r^2: 0.9841686348207016
intercept: 3.509547386273012
slope: 0.0008233386913230013
total: 45.3969033073307

lstm-rsm-9
r^2: 0.9530114287093437
intercept: 3.246074736014675
slope: 0.0007544146363534601
total: 41.626919360496956
